--- "E:\\github\\rnm-63-fresh\\ReactAndroid\\gradle.properties"	2020-10-27 20:26:16.652167500 -0700
+++ "E:\\github\\rnm-63\\ReactAndroid\\gradle.properties"	2020-10-13 21:23:43.852166500 -0700
@@ -17,7 +17,7 @@
 OKHTTP_VERSION=3.12.12
 SO_LOADER_VERSION=0.8.2
 
-BOOST_VERSION=1_63_0
+BOOST_VERSION=1_68_0
 DOUBLE_CONVERSION_VERSION=1.1.6
 FOLLY_VERSION=2020.01.13.00
 GLOG_VERSION=0.3.5
