--- ./ReactAndroid/gradle.properties	2022-01-11 17:41:28.000000000 -0800
+++ /var/folders/vs/8_b205053dddbcv7btj0w0v80000gn/T/update-1h8V3n/merge/Build/ReactAndroid/gradle.properties	2022-01-12 15:04:31.000000000 -0800
@@ -15,7 +15,7 @@
 OKHTTP_VERSION=4.9.1
 SO_LOADER_VERSION=0.10.1
 
-BOOST_VERSION=1_63_0
+BOOST_VERSION=1_68_0
 DOUBLE_CONVERSION_VERSION=1.1.6
 FOLLY_VERSION=2021.06.28.00
 FMT_VERSION=6.2.1
